Simulation: Model_nogap_rin_0.04659_rdisk_100_inc_0
rin: 0.04659, rdisk1: 100, mdisk1: 1e-10, tstar:[4900.0], rstar:[1.87*rs], inc:0, npix:500, sizeau:60, nlmin:8.0, nlmax:13, nlam:11
core_range: 0-0
