Simulation: Model_gap_rin_0.04659_rdisk1_0.23295_rout_1.2_inc_0
rin: 0.04659, rdisk1: 0.23295, rout: 1.2, rdisk2: 100, mdisk1: 1e-10, mdisk2:0.001, tstar:[4900.0], rstar:[1.87*rs], inc:0, npix:500, sizeau:60, nlmin:8.0, nlmax:13, nlam:11
core_range: 0-0
