Simulation: Model_nogap_rin_0.04659_rdisk_100_mdisk_1e-05_inc_30
rin: 0.04659, rdisk1: 100, mdisk1: 1e-05, tstar:[4900.0], rstar:[1.87*rs], inc:30, npix:500, sizeau:60, nlmin:8.0, nlmax:13, nlam:11
core_range: 3-3
